 254 254 254 252 250 252 248 251 254 251 251 252 251 250 251 253 252 252 253 252 253 252 252 252 253 253 254 254 254 254 254 254 254 254 254 254 254 254 254 254 254 254 254 254 254 254 254 254 254 254 254 254 254 254 254 254 254 254 254 254 254 254 254 254 254 254 254 254 254 254 254 254 254 254 254 254 254 254
 254 254 254 252 252 250 245 223 227 242 249 251 252 250 250 253 250 251 250 253 251 253 253 253 253 253 254 254 254 254 254 254 254 254 254 254 254 254 254 254 254 254 254 254 254 254 254 254 254 254 254 254 254 254 254 254 254 254 254 254 254 254 254 254 254 254 254 254 254 254 254 254 254 254 254 254 254 254
 254 254 254 253 249 245 178 134 143 153 188 223 238 239 238 227 224 204 213 231 251 253 253 253 253 253 254 254 254 254 254 254 254 254 254 254 254 254 254 254 254 254 254 254 254 254 254 254 254 254 254 254 254 254 254 254 254 254 254 254 254 254 254 254 254 254 254 254 254 254 254 254 254 254 254 254 254 254
 254 254 254 250 245 227 134 148 161 158 146 146 157 158 160 153 154 150 153 152 211 251 252 253 253 254 254 254 254 254 254 254 254 254 254 254 254 254 254 254 254 254 254 254 254 254 254 254 254 254 254 254 254 254 254 254 254 254 254 254 254 254 254 254 254 254 254 254 254 254 254 254 254 254 254 254 254 254
 253 253 253 245 238 198 128 160 174 177 170 166 163 164 166 169 172 175 173 163 170 245 251 252 254 254 254 254 254 254 254 254 254 254 254 254 254 254 254 254 254 254 254 254 254 254 254 254 254 254 254 254 254 254 254 254 254 254 254 254 254 254 254 254 254 254 254 254 254 254 254 254 254 254 254 254 254 254
 253 253 251 241 230 159 134 167 181 184 185 185 183 182 181 182 183 185 183 172 159 239 251 253 254 254 254 254 254 254 254 254 254 254 254 254 254 254 254 254 254 254 254 254 254 254 254 254 254 254 254 254 254 254 254 254 254 254 254 254 254 254 254 254 254 254 254 254 254 254 254 254 254 254 254 254 254 254
 253 252 250 238 219 134 142 169 183 186 186 186 188 188 186 187 187 186 181 170 152 235 251 253 254 254 254 254 254 254 254 254 254 254 254 254 254 254 254 254 254 254 254 254 254 254 254 254 254 254 254 254 254 254 254 254 254 254 254 254 254 254 254 254 254 254 254 254 254 254 254 254 254 254 254 254 254 254
 253 252 248 233 196 118 146 174 184 187 185 186 188 188 188 189 188 187 184 170 145 231 248 252 252 253 253 253 251 254 254 254 254 254 254 254 254 254 254 254 254 254 254 254 254 254 254 254 254 254 254 254 254 254 254 254 254 254 254 254 254 254 254 254 254 254 254 254 254 254 254 254 254 254 254 254 254 254
 253 252 246 229 171 118 152 178 184 186 185 187 187 187 187 187 187 187 186 173 147 215 249 253 252 252 251 253 254 251 254 254 254 254 254 254 254 254 254 254 254 254 254 254 254 254 254 254 254 254 254 254 254 254 254 254 254 254 254 254 254 254 254 254 254 254 254 254 254 254 254 254 254 254 254 254 254 254
 253 250 241 223 143 124 156 179 185 187 186 187 187 187 187 187 187 187 188 179 158 165 219 247 249 248 249 251 253 253 253 253 253 254 254 254 254 254 254 254 254 254 254 254 254 254 254 254 254 254 254 254 254 254 254 254 254 254 254 254 254 254 254 254 254 254 254 254 254 254 254 254 254 254 254 254 254 254
 253 249 237 210 116 127 161 180 186 188 187 187 187 187 187 187 187 187 187 183 172 159 153 191 171  82  71 109 155 226 253 253 253 253 254 254 254 254 254 254 254 254 254 254 254 254 254 254 254 254 254 254 254 254 254 254 254 254 254 254 254 254 254 254 254 254 254 254 254 254 254 254 254 254 254 254 254 254
 253 245 235 191 103 133 166 184 186 187 188 187 187 187 187 187 187 187 187 188 182 178 175 166  92   5   2   6   5  51 168 242 252 253 252 252 253 252 251 253 251 254 254 254 254 254 254 254 254 254 254 254 254 254 254 254 254 254 254 254 254 254 254 254 254 254 254 254 254 254 254 254 254 254 254 254 254 254
 252 243 227 158 100 138 174 184 186 187 188 187 187 187 187 187 187 187 187 187 187 186 185 181 161  14   4   3   3   3  11  86 197 249 253 250 252 251 253 251 251 254 254 254 254 254 254 254 254 254 254 254 254 254 254 254 254 254 254 254 254 254 254 254 254 254 254 254 254 254 254 254 254 254 254 254 254 254
 249 242 221 130 110 144 176 184 186 187 188 187 187 187 187 187 187 187 187 187 188 189 187 188 166  14   4  18   6   1   2   9  15  88 185 245 252 252 251 254 254 254 254 254 254 254 254 254 254 254 254 254 254 254 254 254 254 254 254 254 254 254 254 254 254 254 254 254 254 254 254 254 254 254 254 254 254 254
 250 236 204 103 118 158 180 186 186 187 188 187 187 187 187 187 187 187 187 188 186 187 187 183  87   8  38  84  57  48  39  33  17   8   5  42 118 194 242 249 250 253 254 254 254 254 254 254 254 254 254 254 254 254 254 254 254 254 254 254 254 254 254 254 254 254 254 254 254 254 254 254 254 254 254 254 254 254
 246 232 174  94 129 166 183 185 187 187 187 188 187 187 187 186 187 188 188 186 185 187 182 100  15  31  30  21   8   1   3   5  29  43  38  16   6   7  41  97 168 239 250 251 254 253 254 249 253 254 254 254 254 254 254 254 254 254 254 254 254 254 254 254 254 254 254 254 254 254 254 254 254 254 254 254 254 254
 244 222 124 103 140 175 187 187 187 187 187 187 187 187 187 187 186 184 183 186 186 175  98  20  88 110 108  98  78  60  33  11   0   4  15  34  44  16   5   5   7  64 182 246 252 252 254 253 253 254 254 254 254 254 254 254 254 254 254 254 254 254 254 254 254 254 254 254 254 254 254 254 254 254 254 254 254 254
 237 199  89 113 147 179 184 186 187 187 187 187 187 187 187 187 186 186 187 189 156  63  11 102 233 250 252 252 249 244 226 192 121  52  10   4  12  32  40  10   4   6  20 142 247 254 252 253 254 254 254 254 254 254 254 254 254 254 254 254 254 254 254 254 254 254 254 254 254 254 254 254 254 254 254 254 254 254
 230 155  78 119 156 184 186 186 186 186 186 186 186 186 187 187 189 190 182 120  33   7  85 229 250 252 253 253 251 251 252 250 252 233 165  74   9   4  13  24   2   4   3  11 106 238 252 253 252 254 254 254 254 254 254 254 254 254 254 254 254 254 254 254 254 254 254 254 254 254 254 254 254 254 254 254 254 254
 224 111  81 119 161 182 186 186 186 186 186 184 185 182 183 187 188 144  60  11   6  58 221 251 252 250 253 253 253 253 253 253 253 250 251 242 178  64   5   4   2   4   3   7   7  66 223 251 251 251 254 253 254 254 254 254 254 254 254 254 254 254 254 254 254 254 254 254 254 254 254 254 254 254 254 254 254 254
 210  71  82 117 156 179 187 186 186 186 186 185 183 186 187 170  86  18   6   3  28 196 250 252 251 251 253 252 252 252 252 252 252 252 249 251 249 243 169  48  10   7   2   2   2   5  44 186 252 251 252 252 254 254 254 254 254 254 254 254 254 254 254 254 254 254 254 254 254 254 254 254 254 254 254 254 254 254
 201  76  78 106 141 166 182 183 184 184 184 185 189 184 124  35   4   3   3  12 166 252 252 252 251 254 253 253 253 253 253 253 253 253 254 253 253 253 250 210 122  88  55  35  10   4   3  19 139 238 251 253 254 254 254 254 254 254 254 254 254 254 254 254 254 254 254 254 254 254 254 254 254 254 254 254 254 254
 205 109  69  93 120 148 166 171 177 175 183 184 162  74  12   3   4   5   8 127 250 250 251 253 253 250 253 253 253 253 253 253 253 252 253 251 252 252 251 242 206 167 185 204 168  68  10  13  14  68 185 242 250 250 249 249 238 235 235 235 232 209 204 204 203 204 202 206 231 241 253 252 252 251 254 254 254 252
 202 151  62  78  96 119 140 156 157 162 157 141 172  13   4   6   3   7  79 237 252 250 253 253 253 253 253 253 253 253 253 253 253 253 253 253 253 252 252 252 235 198 227 247 250 245 161  47   6   4  17  71  92  86  90  90  56  42  40  40  40  11   5   6   3   8   4   9  36  66 134 209 245 250 252 254 254 252
 207 180 117  66  79  95 111 120 119 106 131 219 249  67   5   3   6  54 218 250 253 251 253 253 253 253 253 253 253 253 253 253 253 253 253 253 253 253 253 253 250 225 245 253 252 253 253 225 122  24   7   7   3   6  42  69  36   5  22  64 103 112  97  51  14   2   4   3   6   4   2  28 112 220 251 249 253 253
 218 192 173  87  45  67  74  69  51  82 224 250 250 185  33  22  83 208 250 253 253 252 252 253 253 253 253 253 253 253 253 253 253 253 253 253 253 253 252 253 251 243 252 253 253 252 252 252 246 189 129 131 109  64 114 135 119  98 198 197 131 120 183 204 123  34   6   3   2   3   2   4   6  55 190 250 253 253
 226 204 181 134  31  16  20  12  14 181 251 252 252 252 229 223 240 251 252 252 252 251 253 253 253 253 253 253 253 252 252 253 253 253 253 252 250 252 252 253 253 250 252 254 253 253 254 253 239 216 193 189 136 111 163 154 145 136 161  27   7   8  37 199 195 110   4   7   3   1   3   1   2   2  54 218 251 252
 239 221 198 179  96   3   1   3  44 236 250 252 252 252 252 252 252 252 251 254 252 235 229 231 231 231 230 230 231 231 234 238 241 245 249 251 253 251 252 254 254 251 250 255 254 254 248 227 200 187 188 135 105 163 175 174 169 158 123  23  22  74  86 220 200  98  16  10   1   2   2   1   1   2   4 100 243 251
 246 233 213 190 114   4   1   3  85 249 251 252 252 252 253 254 253 253 252 253 249 241 243 245 245 245 244 242 239 238 237 238 238 236 238 245 251 251 253 251 248 246 239 251 251 254 227 191 188 192 144 114 126 187 184 181 179 176 162 102  90 130 213 241 129  23  36   7   2   2   2   1   1   1   3   9 199 253
 251 242 223 201 126   6   3   3 115 251 251 252 253 252 252 251 252 253 253 251 251 253 253 253 253 253 250 252 253 254 253 253 253 252 252 252 252 252 253 248 239 228 233 252 251 245 208 188 191 179 111 154 146 195 187 182 183 177 179 156 121 163 150  81  15  27  11   1   3   1   2   2   1   1   2   4 109 248
 252 246 231 209 161  12   2   2 128 254 251 253 253 253 253 253 253 253 253 253 253 253 253 253 253 253 253 253 253 253 253 253 253 253 253 253 253 253 253 253 252 238 230 249 253 248 205 191 192 162 117 157 139 199 194 192 188 184 181 179  68  15   4   3   4   3   4   1   1   1   2   1   1   1   3   3  42 239
 253 248 234 212 163  12   2   1 117 253 251 253 253 253 253 253 253 253 253 253 253 253 253 253 253 253 253 253 253 253 253 253 253 253 253 253 253 253 253 253 253 245 238 253 253 253 218 191 191 157 117 151 131 195 201 201 195 189 187 171  74  35  14   3   3   5   3   1   1   1   2   1   1   1   3   4  24 234
 254 250 237 216 166  12   2   3 100 253 252 253 253 253 253 253 253 253 253 253 253 253 253 253 253 253 253 253 253 253 253 253 253 253 253 253 253 253 253 253 253 251 249 255 253 252 237 200 188 172 113 146 133 173 202 204 205 204 180 149  62  39  24  12   2   1   2   1   1   1   2   1   1   1   1   1  21 219
 254 250 240 218 168  12   1   3  81 252 253 252 253 253 253 253 253 253 253 253 253 253 253 253 253 253 253 253 253 253 253 253 253 253 253 253 253 253 253 253 253 253 250 254 253 251 252 226 193 184 128 137 142 148 198 204 209 207 188 154 130 192 202 173  68   8   4   1   1   1   2   1   1   1   1   2   9 207
 253 250 241 219 168  12   1   2  48 242 253 253 253 253 253 253 253 253 253 253 253 253 253 253 253 253 253 253 253 253 253 253 253 253 253 253 253 253 253 253 253 252 250 254 253 254 251 242 210 189 163 130 146 123 190 204 203 206 197 170 160 174 231 246 167  65   3   3   0   2   5   3   2   1   4   2  25 224
 253 250 241 219 168  12   1   2  19 208 252 253 253 253 253 253 253 253 253 253 253 253 253 253 253 253 253 253 253 253 253 253 253 253 253 253 253 253 253 253 253 251 251 251 253 254 251 252 232 197 185 152 147 148 155 203 201 199 179  31   5   1  42 210 200 126  16   1   0   0   2   1   2   3   2   5  42 225
 253 250 241 219 168  12   1   3   4 146 253 252 253 253 253 253 253 253 253 253 253 253 253 253 253 253 253 253 253 253 253 253 253 253 253 253 253 253 253 253 252 237 243 253 253 255 252 254 247 223 193 182 142 153 142 179 202 197 124   7   2  10  34 134 215 156  34   3   1   6  14  14  15   8   2   4  74 238
 253 250 240 220 169  12   1   3   6  65 237 251 253 253 253 253 252 252 252 253 253 253 253 253 253 253 253 253 253 253 253 253 253 253 253 253 253 251 253 253 250 220 237 254 253 254 254 254 253 248 220 192 170 153 155 151 195 192 155  20   6  48  96 194 213 162  25  11   3   8  46  73  69  43   7   6 148 238
 253 250 240 220 170  13   2   2   5  10 158 251 249 251 252 253 253 252 252 252 252 252 252 252 252 252 253 253 253 253 253 253 253 253 253 253 253 252 252 254 247 204 232 254 253 254 254 254 252 252 245 208 191 150 159 147 179 174 226 184 110 119 189 236 174  77  32  20   3   3  38 100 113  56   7  36 201 238
 253 250 240 220 161  14   4   3   4   5  50 231 250 252 253 252 252 252 252 252 252 252 252 252 252 252 253 253 253 253 253 253 253 253 253 253 253 253 250 254 238 200 230 253 253 254 254 254 252 252 248 206 189 117 136 151 182 108 131 220 241 240 219 136  43  25  43   6   1   1  19  65  67  22   5 118 225 242
 253 250 240 220 134   7   2   5   2   2   5 116 249 252 253 252 252 252 252 252 252 252 252 252 252 252 253 253 253 253 253 253 253 253 253 253 253 253 250 254 224 195 222 250 253 254 254 254 250 251 207 108  53  13  23  32  43  17   6  28  50  45  24   8   5  13   3   1   2   2  11  36  24   3  48 197 232 245
 254 251 237 218 126   4   3   3   2   2   3  10 160 251 251 251 252 253 250 252 250 252 253 253 253 253 253 253 253 253 253 253 253 253 253 253 253 251 250 249 209 192 211 242 254 254 251 253 230 128  27   7   4   3   3   3   3   2   2   2   1   2   2   2   1   1   1   2   3   1   4  12   5  20 156 221 239 250
 250 249 239 217  96   5   2   4   4   3   3   4  20 187 242 243 234 226 232 241 252 251 253 248 252 253 253 253 253 253 253 253 253 253 253 253 253 252 253 230 195 192 214 238 251 246 223 137  35   4   3   1   8  42  21   3   1   2   2   2   1   2   2   2   1   1   1   3   2   1   3   6  26 133 211 234 244 252
 253 247 234 184  71  26  29  28  23  16  11   8   6  35 171 204 194 195 195 202 245 251 252 253 253 253 253 253 253 253 253 253 253 253 253 253 253 250 243 209 194 208 207 184 137  77  24   1   5   4   4  37 101 109  21   3   2   2   2   2   2   2   2   1   1   1   1   2   4   3   8  55 154 205 222 239 251 250
 250 241 155  65  68  80  86  95  91  85  80  75  69  61  77 157 176 180 188 183 213 220 222 243 251 252 253 252 253 252 253 252 252 253 252 253 253 246 214 198 221 152  33   7   2   1   3   1   3   4  11 107 126  58   5   2   2   2   2   2   2   2   2   2   2   1   2   2  16  51 125 176 199 219 238 245 252 252
 243 199  67  86 103 114 126 138 140 140 139 141 142 144 144 142 148 156 161 169 169 172 175 201 246 251 252 252 254 251 252 252 250 251 253 250 250 217 211 219 120  15   2   2   2   1   1   1   2   1   3  48  61   9   3   4   6   8  10  24  27  28  29  31  52  64  82 107 140 175 187 202 219 235 245 251 254 252
 233 128  76 109 124 140 154 164 167 169 170 169 169 168 168 168 170 173 174 180 184 188 196 201 247 251 253 253 253 252 253 252 251 252 254 251 250 220 155  47   7   4   2   2   3   1   1   1   3   4   3   4   4   5  28  77 116 133 134 150 154 155 156 159 163 168 176 181 187 197 212 225 240 247 250 252 254 253
 219  80  95 123 141 159 171 181 183 182 181 182 183 183 183 180 174 168 165 168 176 187 201 193 240 250 250 253 251 253 253 252 253 248 227 181 115  45   7   2  23  22   0   1   4   1   1   1   1   3   2   7  45 115 154 171 176 175 178 181 182 184 184 186 190 192 199 204 214 226 232 241 248 251 253 253 253 253
 207  80 107 130 152 170 180 186 186 186 186 188 185 185 183 179 170 155 147 135 105  98 129  85  46  86 115 131 129 122 112  96  71  44  18  18  15   8   3   7  41   7   2   2   1   1   1   1   5   3  27 101 171 182 188 194 199 204 205 209 211 212 212 214 216 222 225 231 235 240 248 252 252 254 254 254 253 254
 197  80 106 130 156 175 183 187 187 187 187 187 184 186 182 172 162 144 131  52   8   5   4   9  19   9   3   1   1   3   2   2   2   3   4  32  60  39  11  32  23   1   1   1   1   3   4   4  21  93 163 182 195 206 213 221 224 227 230 234 236 236 236 235 237 239 241 244 247 250 253 254 254 254 254 254 254 254
 202  97 106 132 157 178 185 187 187 187 187 187 186 186 179 168 156 139  93   9   4   4   3   5   9  32   3   1   4   3   2   2   2   1   1  19  46  26  34  34   4   1   1   1   1   2  10  61 145 181 195 205 219 230 236 242 244 246 248 248 247 247 247 248 249 250 251 253 253 254 254 254 254 254 254 254 254 254
 199 131  90 123 150 175 183 186 187 187 187 187 187 187 177 167 152 136  74   5   3   3   4   4   3  28  22  11   2   1   2   2   2   3   3   6  25  38  21   3   3   1   1   1   2  19 116 179 190 205 218 228 239 246 248 251 251 252 253 253 254 254 254 253 253 252 252 253 253 254 254 254 254 254 254 254 254 254
 202 167  92 115 141 167 182 188 188 188 187 187 187 187 177 168 154 137  74   5   2   3   1   2   2  13  14  25  31  31  24  19  19  19  27  44  30   9   3   2   2   4   2   4  33 127 187 199 214 227 240 245 252 254 253 254 254 254 254 254 254 254 254 254 254 254 254 253 253 254 254 254 254 254 254 254 254 254
 211 186 147 103 127 159 175 186 187 187 187 187 186 187 179 171 160 145  90   5   4   5   1   2   3  26   1   0   4  11  15  19  29  30  18   9   3   2   1   2   2   5   5  40 155 195 209 227 235 243 250 253 254 254 254 254 254 254 254 254 254 254 254 254 254 254 254 254 254 254 254 254 254 254 254 254 254 254
 221 195 175 143 115 145 167 181 185 186 188 186 184 187 182 179 168 154 119  16   5   3   2   3   8  24   3   1   1   3   4   2   1   1   2   3   4   2   3   2   1   5  52 157 197 212 230 238 247 251 253 252 254 254 254 254 254 254 254 254 254 254 254 254 254 254 254 254 254 254 254 254 254 254 254 254 254 254
 232 211 192 174 136 126 153 177 183 186 188 186 183 186 185 186 181 174 150  77   6   7  15   5  19  23   1   1   1   1   2   2   0   3   3   3   2   2   2   1  21  90 172 197 217 235 243 249 251 254 254 254 254 254 254 254 254 254 254 254 254 254 254 254 254 254 254 254 254 254 254 254 254 254 254 254 254 254
 238 227 209 187 169 139 144 169 182 183 187 187 187 187 187 187 187 181 171 158  82  15  28  53  75  11   1   1   1   1   1   1   1   2   1   3   4  10  35 108 167 188 202 224 238 244 251 254 254 254 254 254 254 254 254 254 254 254 254 254 254 254 254 254 254 254 254 254 254 254 254 254 254 254 254 254 254 254
 248 240 226 205 183 167 134 160 184 186 187 187 187 187 187 185 187 184 179 177 184 134  51  33  27   4   2   2   2   2   3   2   4   3   8  27  72 132 169 181 194 209 227 240 245 251 254 254 254 254 254 254 254 254 254 254 254 254 254 254 254 254 254 254 254 254 254 254 254 254 254 254 254 254 254 254 254 254
 251 247 238 221 203 179 157 139 175 186 187 187 187 187 187 186 186 185 185 179 183 192 170  69  36  19   5   5   5   5  15  25  49  77 121 160 176 182 194 206 221 230 239 247 251 254 254 254 254 254 254 254 254 254 254 254 254 254 254 254 254 254 254 254 254 254 254 254 254 254 254 254 254 254 254 254 254 254
 253 252 247 236 221 196 175 142 160 183 189 187 187 187 187 188 185 184 177 173 175 180 169 163 157 145 122 122 122 121 139 153 167 175 183 191 199 210 218 231 238 244 250 253 252 253 254 254 254 254 254 254 254 254 254 254 254 254 254 254 254 254 254 254 254 254 254 254 254 254 254 254 254 254 254 254 254 254
 253 253 250 245 232 212 186 163 149 176 185 187 187 186 185 183 180 171 160 160 165 174 180 182 181 179 176 176 176 177 180 185 190 197 207 215 223 232 238 244 249 251 252 254 254 254 254 254 254 254 254 254 254 254 254 254 254 254 254 254 254 254 254 254 254 254 254 254 254 254 254 254 254 254 254 254 254 254
 253 254 252 249 241 226 202 181 151 164 183 187 185 184 185 179 166 172 176 181 191 202 206 208 207 205 201 202 202 203 208 214 219 226 234 238 243 248 250 252 254 253 254 254 254 254 254 254 254 254 254 254 254 254 254 254 254 254 254 254 254 254 254 254 254 254 254 254 254 254 254 254 254 254 254 254 254 254
 253 254 254 252 247 237 216 192 165 154 175 184 186 185 179 169 176 194 202 209 215 223 230 233 232 230 228 228 228 229 232 236 239 243 248 248 250 252 252 253 254 254 254 254 254 254 254 254 254 254 254 254 254 254 254 254 254 254 254 254 254 254 254 254 254 254 254 254 254 254 254 254 254 254 254 254 254 254
 253 254 254 254 252 245 226 204 179 155 160 179 186 188 177 189 207 218 230 233 239 241 246 248 248 247 245 245 245 246 248 249 249 251 254 253 253 253 254 254 254 254 254 254 254 254 254 254 254 254 254 254 254 254 254 254 254 254 254 254 254 254 254 254 254 254 254 254 254 254 254 254 254 254 254 254 254 254
 254 254 254 254 252 247 234 218 193 173 154 169 182 178 186 207 226 237 245 247 249 251 251 251 251 252 253 253 253 253 253 253 253 254 254 254 254 254 254 254 254 254 254 254 254 254 254 254 254 254 254 254 254 254 254 254 254 254 254 254 254 254 254 254 254 254 254 254 254 254 254 254 254 254 254 254 254 254
 254 254 254 254 252 250 244 230 206 186 165 161 169 181 203 226 241 247 252 253 253 253 253 253 253 254 253 253 253 253 254 254 254 254 254 254 254 254 254 254 254 254 254 254 254 254 254 254 254 254 254 254 254 254 254 254 254 254 254 254 254 254 254 254 254 254 254 254 254 254 254 254 254 254 254 254 254 254
 254 254 254 253 253 250 248 237 224 203 186 179 182 201 223 237 249 251 252 253 253 253 252 252 252 253 253 253 253 253 254 254 254 254 254 254 254 254 254 254 254 254 254 254 254 254 254 254 254 254 254 254 254 254 254 254 254 254 254 254 254 254 254 254 254 254 254 254 254 254 254 254 254 254 254 254 254 254
 254 254 254 254 254 253 251 248 239 222 208 203 207 220 237 246 251 253 254 254 254 254 254 254 254 254 254 254 254 254 254 254 254 254 254 254 254 254 254 254 254 254 254 254 254 254 254 254 254 254 254 254 254 254 254 254 254 254 254 254 254 254 254 254 254 254 254 254 254 254 254 254 254 254 254 254 254 254
 254 254 254 254 254 254 253 252 247 239 232 226 230 238 247 251 254 254 254 254 254 254 254 254 254 254 254 254 254 254 254 254 254 254 254 254 254 254 254 254 254 254 254 254 254 254 254 254 254 254 254 254 254 254 254 254 254 254 254 254 254 254 254 254 254 254 254 254 254 254 254 254 254 254 254 254 254 254
 254 254 254 254 254 254 253 253 252 248 246 245 246 249 252 252 254 254 254 254 254 254 254 254 254 254 254 254 254 254 254 254 254 254 254 254 254 254 254 254 254 254 254 254 254 254 254 254 254 254 254 254 254 254 254 254 254 254 254 254 254 254 254 254 254 254 254 254 254 254 254 254 254 254 254 254 254 254
