 254 252 248 251 252 251 190 134  55  26  30  57  86 116 129 181 213 230 237 246 251 252 249 248 252 251 250 253 253 252 248 251 252 248 248 250 251 248 246 246 252 252 252 252 252 252 249 249 245 244 249 249 249 249 247 249 250 252 254 243
 252 145  31  27  32  32  33  32  32  32  32  32  32  32  32  32  32  32  32  32  32  31  31  31  33  33  34  33  33  33  31  31  31  30  30  30  30  25  25  25  18  18  18  18  18  18  23  22  22  22  25  25  25  24  25  24  24  31  29 249
 252 126  32  30  32  32  33  32  32  32  32  32  32  32  32  32  32  32  32  32  32  32  32  32  33  33  33  33  33  33  32  32  32  31  31  31  31  31  31  31  37  37  37  37  37  37  34  34  34  34  34  34  34  31  31  31  27  33  28 249
 252  77  32  33  32  32  32  32  32  32  32  32  32  32  32  32  32  32  32  32  32  32  32  32  32  32  32  32  32  32  32  32  32  31  32  32  32  33  33  33  33  33  33  33  33  33  35  35  35  35  29  29  29  33  33  33  31  33  22 251
 252  60  33  35  32  31  31  32  32  32  32  32  32  32  31  31  32  32  32  32  32  32  32  32  32  31  32  31  32  32  32  32  31  33  33  33  32  29  30  30  32  32  32  32  31  31  25  25  24  24  35  36  36  29  30  30  33  32  19 251
 253  32  34  33  33  33  33  32  32  32  32  32  32  32  32  32  32  32  32  32  32  33  31  31  32  32  32  33  31  31  32  32  33  32  32  32  32  32  32  32  37  28  41  31  86 166 203 190 181 189 184 203 195  82  16  35  38  44  25 236
 252  15  28  34  32  31  32  32  32  32  31  31  31  32  33  33  33  32  32  32  32  32  31  32  33  32  31  31  32  32  32  33  32  31  32  31  31  32  32  32  44  36  94 191 195 185 195 189 190 198 189 193 198 194 185 194 129  34  33 193
 252  14  26  35  32  32  32  33  33  33  33  32  33  33  32  32  32  31  31  31  32  32  32  33  32  33  32  32  31  32  32  32  31  31  32  32  31  32  32  32  24  21 195 188 184 183 188 191 187 180 185 191 181 187 187 198 183 184  21 148
 252  26  30  36  29  29  31  30  30  31  32  32  32  34  37  39  41  49  51  53  62  79  90  49  31  32  33  41  39  45  36  37  32  32  32  32  32  20  41  36  32 181 200 190 190 190 191 190 191 190 190 191 190 191 191 190 200 194 192 205
 247  68  65  69  83  83  85  88  88  89  90  86  86  87  83  84  85  81  82  82  84  81  85  59  31  32  32 162 202 187 164 129 123  31  32  32  32  39  31  26 186 204 191 190 190 190 190 190 190 190 190 190 190 190 190 190 188 185 192 213
 243  90  99  83  87  87  89  86  87  87  88  87  87  88  91  91  91  87  88  89  93  85  83  55  30  32  31  90 198 213 213  46  41  32  32  32  32  22  28 194 191 182 187 189 189 190 190 190 190 189 189 189 189 189 189 190 195 184 192 181
 245  90  93  88  88  88  89  89  88  88  87  88  88  88  88  88  88  88  88  88  89  87  86  52  33  31  32  59 219 206  41  36  33  32  32  31  32  29  47 186 188 188 196 190 174 213 198 190 192 200 193 190 193 197 198 184 192 190 190 194
 246  87  90  88  89  89  89  88  88  88  89  89  89  88  90  90  90  90  90  90  89  86  86  51  32  31  32  35 211 215  13  24  48  32  32  32  32  28 211 192 195 192 188 208  30  38  29  42  24  41  23  50 155 194 191 191 184 192 188 203
 247  85  88  89  89  89  88  87  87  88  89  88  88  87  88  88  88  88  88  88  88  86  86  51  33  31  32  41 216 220  39  27  47  31  32  32  32  62 194 188 193 201 192  37  30  31  30  29  27  36  34  31  35  40  23  64 181 195 187 209
 247  80  86  87  86  86  85  88  88  90  90  89  88  87  85  86  87  87  87  87  86  87  88  50  32  31  33  41 216  77  32  31  31  32  32  32  31 171 192 190 182 189  75  31  32  32  32  32  32  32  32  32  32  33  32  31  39  24  77 211
 250  90  83  84  79  79  79  84  85  86  87  87  89  89  86  87  87  86  86  86  85  86  88  49  31  31  32  98 209  39  32  31  31  31  32  33  30 196 191 189 191 197  22  32  32  32  31  31  31  31  31  31  31  32  32  32  34  26  37 195
 252  60  34  27  34  35  35  31  31  31  32  41  62  84  84  85  85  88  88  88  83  85  87  48  31  31  32 164 217 212  30  31  32  31  32  33  31 186 193 191 186 193  43  33  33  31  32  32  32  32  32  32  32  32  32  32  33  30  27 219
 253  80  34  29  32  31  32  32  32  32  32  32  32  32  31  31  31  31  31  31  34  40  87  55  40  35  26 221 214 133  31  32  33  31  32  32  31 190 188 192 176 100  40  32  36  30  32  33  32  32  32  32  32  32  32  32  33  32  38 249
 253 119  29  31  32  31  32  32  32  32  32  32  32  32  32  32  32  32  32  32  26  30  53  46  27  29  73 218 205  27  32  32  33  31  32  33  31 181 190 187 184 206  22  26  27  34  31  31  32  31  32  31  32  32  32  32  35  33  28 249
 253 144  26  33  32  31  32  32  32  32  32  32  32  32  33  33  33  33  33  33  36  26  28  37  29  35 214 217 198 130  31  32  32  31  32  32  31 193 189 194 198 185 170  47  35  32  33  32  32  32  32  32  32  32  32  32  36  34  22 250
 254 182  32  29  32  31  31  32  32  32  32  32  32  32  32  32  32  32  32  32  32  32  33  33  25  19 216 206 217 203  29  32  33  31  32  32  30 193 188 183 189 190 190 204  74  37  35  32  31  33  22  35  32  32  32  32  28  37  21 252
 254 200  33  31  32  31  31  32  32  32  32  32  32  32  32  32  32  32  32  32  32  31  37  32  23 211 215 217   7  32  34  31  33  31  32  33  30 184 200 196 190 190 190 186 178 135  34  32  33  38  37  25  38  32  32  32  28  34  23 252
 254 227  35  33  32  31  32  32  32  32  32  32  32  32  32  32  32  32  32  32  30  32  31  30 213 219 212 216  80  26  31  31  32  31  32  33  31 154 182 183 190 190 190 180 188 186 185 201 185 157  58  37  34  31  32  32  28  28  25 250
 254 251  30  27  32  32  32  32  32  32  32  32  32  32  32  32  32  32  32  32  31  33  31  31 229 218 213 183  45  37  32  31  32  31  32  32  31 147 187 199 189 190 192 190 190 190 190 190 190 191 196 136  29  33  31  31  29  27  52 248
 254 251  33  29  32  32  32  32  32  32  32  32  32  32  32  32  32  32  32  32  31  31  32  32  27 215 216 212  28  33  33  31  31  32  32  32  32  41  42 172 192 182 193 190 189 189 190 190 190 190 188 198 187 194 213 155 104  34  81 243
 254 251  36  32  32  32  32  32  32  32  32  32  32  32  32  32  32  32  32  32  32  33  31  32  33  41  72  80  35  41  32  32  31  31  32  32  32  38  25  32 134 195 199 191 190 189 190 190 189 189 192 189 188 191 190 190 189 193 214 247
 254 250  31  33  32  32  32  32  32  32  32  32  32  32  32  32  32  32  32  32  33  32  32  31  29  45 121  34  32  32  31  33  31  31  32  32  32  32  32  32  23  31 173 200 190 193 181 198 185 193 187 189 186 189 190 190 189 199 244 248
 255 249  33  31  32  32  32  32  32  32  32  32  32  32  32  32  32  32  32  32  33  31  31  33  31  25  23  31  33  32  31  31  31  32  32  32  32  32  32  33  32  33  41  31  20  94 201 191 185 186 193 184 199 189 191 190 188 186 233 250
 255 247  36  28  32  32  32  32  32  32  32  32  32  32  32  32  32  32  32  32  31  32  32  33  32  38  42  31  33  32  32  32  31  32  32  32  31  32  32  32  30  36  35  36  24  34  20  49 200 194 185 194 191 190 190 189 184 197 249 249
 255 253  43  34  32  33  32  32  32  32  32  32  32  32  32  32  32  32  32  32  32  32  32  32  31  32  32  32  32  32  32  32  32  33  32  32  32  32  32  32  31  31  31  31  32  32  32  32  31  31  28 172 195 190 199 198 192 181 243 250
 255 254  40  33  32  33  32  32  32  32  32  32  32  32  32  32  32  32  32  32  32  32  32  32  32  32  32  32  32  32  32  32  32  31  31  32  32  32  32  31  31  31  33  33  32  32  32  32  32  33  19  29  85 193 197 195 185  11 251 252
 255 252  36  31  32  33  32  32  32  32  32  32  32  32  32  32  32  32  32  32  32  32  32  32  32  32  32  32  32  32  32  32  32  31  31  32  33  32  32  31  32  31  32  33  32  32  32  32  32  33  42  51  44 201 185 195 194  40 251 252
 254 254  32  34  32  32  32  32  32  32  32  32  32  32  32  32  32  32  32  32  32  32  32  32  32  32  32  32  32  32  35  28  29  33  31  31  37  27  29  23  38  28 126  11  33  25  32  32  32  33  32  33  32  21 186 178 126  20 249 248
 254 254  29  33  31  32  32  32  32  32  32  32  32  32  32  32  32  32  32  32  32  32  32  32  32  32  32  32  32  32  37  34  33  23  35  28  32  44  29  31  18  26 244 251  21  42  32  32  32  32  32  32  32  48  21 204  26  18 252 251
 254 254  22  30  31  32  32  32  32  32  32  32  32  32  32  32  32  32  32  32  32  32  32  32  32  32  32  32  32  32  29  35  29  27  27  80 103 108  23  39  32 234  13  16 250  52  32  32  32  32  32  32  32  33  32  18  37  19 251 250
 254 253  20  29  31  32  32  32  32  32  32  32  32  32  32  32  32  32  32  32  32  32  32  32  32  32  32  32  32  31  38  18  42 102  98  95  94 115  32  36  25 252  38  16 251  72  32  32  32  32  32  32  32  41  43  31  31  16 253 251
 254 253  23  31  32  32  32  32  32  32  32  32  32  32  31  32  32  32  32  31  31  31  31  31  30  30  37  40  22  77  99 100  91  95  94  94  96  93  48  32 116 230 240 253  44 241  31  32  32  32  32  32  32  32  31  32  32  16 252 254
 255 254  30  33  32  32  32  32  32  32  32  32  32  32  32  32  32  31  31  31  31  31  31  32  32  31  27  64  90  97  93  92  90  95  94  94  95  98  86  33 220  85 250 251  12 236  31  32  32  32  32  32  32  32  31  32  32  22 253 253
 255 254  33  35  32  32  32  32  32  32  32  32  32  32  33  33  33  32  32  33  33  32  32  31  28  24  85  93  99  90  98  93 100  95  94  94  95  99  99  32 158 222 252 249 101 235  31  32  32  32  32  32  32  32  31  32  32  24 253 252
 254 252  37  32  32  32  32  32  32  32  32  33  32  31  26  37  32  26  25  23  41  54  89 101  99  97  89  94  94  94  94  95  95  95  94  94  95  95 100  31  26 138  24 104  80 217  20  36  32  30  32  32  32  32  31  32  29  27 252 254
 254 254  38  32  32  32  32  32  32  32  32  32  33  34  33  32  55  86  92  99  92  92  95  96  93 100  93  96  94  93  93  94  96  96  94  95  94 106  94  35  18  27 237 226  33 220  20  36  32  30  32  32  32  32  31  32  30  23 252 252
 255 253  40  33  32  32  32  31  32  33  32  29  32  34  93 102  94  89  90  92  90  92  95  96  92  93  92  95  94  95  95  94  94  95  95  95  94  98  88 112  22  45  34  26  35 245  20  36  32  30  32  32  32  32  31  32  31  20 251 250
 254 252  36  32  32  32  32  33  32  29  29  88  99  97  95  94  94  94  94  95  94  94  94  94  94  94  94  95  94  94  93  94  94  96  96  94  93  98  94 101 100  26  29  25  91 249  31  32  32  32  32  32  32  32  32  32  30  23 251 252
 254 252  31  31  32  32  32  30  39  25  94  96  90 105  94  94  94  94  95  95  95  94  94  95  95  95  94  93  93  93  92  93  93  99  98  95  95 106  99  70  32  31  36  36  82  25  32  32  32  32  32  32  32  32  32  32  34  22 250 251
 255 251  28  30  32  32  32  34  29  47  85  96  93  97  95  95  95  94  95  95  94  94  94  94  94  94  94  95  96  97 113 100  87  39  35  24  20  32  31  28  38  25  27  20  27  37  32  32  32  32  32  32  32  32  32  32  39  22 248 251
 255 251  35  32  32  32  32  29  29  94  97  94  94  94  93  95  94  96  96  95  92  90  95 102  95  89 106  94  73  42  30  26  29  32  32  33  33  33  33  33  32  32  32  31  32  32  32  32  32  32  32  32  32  32  32  32  28  27 251 254
 254 251  33  31  32  32  32  36  34  97  89  95  95  93  97  91 102  99  99 100 105 100  66  46  30  31  24  39  31  33  22  28  34  32  32  32  31  31  31  31  32  31  32  31  32  32  32  32  32  32  32  32  32  32  32  32  33  26 251 254
 254 251  32  30  32  32  32  35  72 101  91  95  95  93  94  98  84  28  27  27  28  33  36  32  28  30  36  38  36  30  26  34  32  31  31  31  32  32  32  32  32  30  32  31  32  32  32  32  32  32  32  32  32  32  32  32  37  25 248 254
 254 243  33  34  32  32  32  31  94  94  88  94  94  94  85  41  45  31  31  32  32  32  32  32  32  32  32  32  32  32  32  32  32  32  32  32  32  32  32  32  32  32  32  32  32  32  32  32  32  32  32  32  32  32  32  32  32  32 250 252
 254 223  29  31  32  32  32  31 111  88  99  97  96  94  53  29  37  32  32  32  32  32  32  32  32  32  32  32  32  32  32  32  32  32  32  32  32  32  32  32  32  32  32  32  32  32  32  32  32  32  32  32  32  32  32  32  31  30 249 250
 254 208  27  29  32  31  32  44  46 100  95  96  95  94  60  40  22  33  34  32  32  32  32  32  32  32  32  32  32  32  32  32  32  32  32  32  32  32  32  32  32  32  32  32  32  32  32  32  32  32  32  32  32  32  32  32  30  29 248 250
 254 172  36  29  32  32  31  35  32  34  96  96  92  99  88  44  33  32  34  32  32  32  32  32  32  32  32  32  32  32  32  32  32  32  32  32  32  32  32  32  32  32  32  32  32  32  32  32  32  32  32  32  32  32  32  32  33  35 243 254
 254 156  35  28  32  31  31  33  27  32  33  99  98  97  94  18  32  32  32  32  32  32  32  32  32  32  32  32  32  32  32  32  32  32  32  32  32  32  32  32  32  32  32  32  32  32  32  32  32  32  32  32  32  32  32  32  32  34 242 254
 254 126  33  25  33  31  32  29  39  27  35  36  96  92  97  91  27  31  31  33  32  32  32  32  32  32  32  32  32  32  32  32  32  32  32  32  32  32  32  32  32  32  32  32  32  32  32  32  32  32  32  32  32  32  32  32  31  32 241 254
 252  91  32  31  32  32  31  32  32  32  32  32  32  32  24  38  32  31  32  31  32  32  32  31  30  30  30  32  31  30  33  33  33  38  37  32  30  33  32  31  30  30  30  31  31  31  32  32  32  32  32  32  32  32  31  32  35  33 221 251
 252  74  31  30  32  32  32  32  32  32  32  32  32  32  37  34  34  33  33  33  32  32  32  32  31  31  32  35  31  28  36  34  31  34  35  38  39  33  32  32  32  32  32  32  32  32  32  32  32  32  32  32  32  32  32  33  35  33 221 253
 252  47  30  29  32  32  32  32  32  32  32  32  32  32  36  34  33  34  34  34  32  32  32  32  35  35  34  27  33  37  33  27  20  25  26  30  31  34  34  33  35  35  35  28  28  28  32  32  32  32  32  32  32  31  31  32  34  31 220 252
 254  68  21  25  19  20  21  23  28  32  35  30  33  35  31  23  18  19  19  18  28  38  65  75 119 152 186 202 232 248 251 251 252 251 251 251 251 249 240 232 203 186 158 157 123 104  63  61  56  53  50  50  50  48  41  31  32  39 196 254
 254 252 254 254 254 254 254 254 254 254 254 254 254 252 244 249 252 254 252 249 252 253 254 254 254 254 254 252 254 254 254 254 253 254 254 254 254 254 254 254 254 254 250 252 250 251 254 254 252 251 251 251 251 253 254 254 254 254 254 252
 254 253 250 254 249 251 254 254 254 254 254 253 254 254 255 251 248 251 252 254 254 254 253 253 251 254 254 248 250 253 255 255 255 255 255 255 255 253 252 251 252 253 254 251 253 248 251 251 253 253 254 254 254 252 254 254 254 253 249 254
